2
 0 0 0
 0 0.03448275862068965 0.0005945303210463733
 0 0.06896551724137931 0.002378121284185493
 0 0.103448275862069 0.00535077288941736
 0 0.1379310344827586 0.009512485136741973
 0 0.1724137931034483 0.01486325802615934
 0 0.2068965517241379 0.02140309155766944
 0 0.2413793103448276 0.0291319857312723
 0 0.2758620689655172 0.03804994054696789
 0 0.3103448275862069 0.04815695600475624
 0 0.3448275862068966 0.05945303210463734
 0 0.3793103448275862 0.07193816884661117
 0 0.4137931034482759 0.08561236623067776
 0 0.4482758620689655 0.1004756242568371
 0 0.4827586206896552 0.1165279429250892
 0 0.5172413793103449 0.133769322235434
 0 0.5517241379310345 0.1521997621878716
 0 0.5862068965517241 0.1718192627824019
 0 0.6206896551724138 0.192627824019025
 0 0.6551724137931034 0.2146254458977408
 0 0.6896551724137931 0.2378121284185494
 0 0.7241379310344828 0.2621878715814507
 0 0.7586206896551724 0.2877526753864447
 0 0.7931034482758621 0.3145065398335316
 0 0.8275862068965517 0.3424494649227111
 0 0.8620689655172413 0.3715814506539833
 0 0.896551724137931 0.4019024970273484
 0 0.9310344827586207 0.4334126040428062
 0 0.9655172413793104 0.4661117717003568
 0 1 0.5
 0.03448275862068965 0 0.0005945303210463733
 0.03448275862068965 0.03448275862068965 0.001189060642092747
 0.03448275862068965 0.06896551724137931 0.002972651605231867
 0.03448275862068965 0.103448275862069 0.005945303210463734
 0.03448275862068965 0.1379310344827586 0.01010701545778835
 0.03448275862068965 0.1724137931034483 0.01545778834720571
 0.03448275862068965 0.2068965517241379 0.02199762187871581
 0.03448275862068965 0.2413793103448276 0.02972651605231867
 0.03448275862068965 0.2758620689655172 0.03864447086801426
 0.03448275862068965 0.3103448275862069 0.04875148632580262
 0.03448275862068965 0.3448275862068966 0.06004756242568372
 0.03448275862068965 0.3793103448275862 0.07253269916765755
 0.03448275862068965 0.4137931034482759 0.08620689655172414
 0.03448275862068965 0.4482758620689655 0.1010701545778835
 0.03448275862068965 0.4827586206896552 0.1171224732461356
 0.03448275862068965 0.5172413793103449 0.1343638525564804
 0.03448275862068965 0.5517241379310345 0.1527942925089179
 0.03448275862068965 0.5862068965517241 0.1724137931034482
 0.03448275862068965 0.6206896551724138 0.1932223543400713
 0.03448275862068965 0.6551724137931034 0.2152199762187871
 0.03448275862068965 0.6896551724137931 0.2384066587395957
 0.03448275862068965 0.7241379310344828 0.2627824019024971
 0.03448275862068965 0.7586206896551724 0.2883472057074911
 0.03448275862068965 0.7931034482758621 0.3151010701545779
 0.03448275862068965 0.8275862068965517 0.3430439952437574
 0.03448275862068965 0.8620689655172413 0.3721759809750297
 0.03448275862068965 0.896551724137931 0.4024970273483948
 0.03448275862068965 0.9310344827586207 0.4340071343638526
 0.03448275862068965 0.9655172413793104 0.4667063020214032
 0.03448275862068965 1 0.5005945303210464
 0.06896551724137931 0 0.002378121284185493
 0.06896551724137931 0.03448275862068965 0.002972651605231867
 0.06896551724137931 0.06896551724137931 0.004756242568370986
 0.06896551724137931 0.103448275862069 0.007728894173602853
 0.06896551724137931 0.1379310344827586 0.01189060642092747
 0.06896551724137931 0.1724137931034483 0.01724137931034483
 0.06896551724137931 0.2068965517241379 0.02378121284185494
 0.06896551724137931 0.2413793103448276 0.03151010701545779
 0.06896551724137931 0.2758620689655172 0.04042806183115338
 0.06896551724137931 0.3103448275862069 0.05053507728894174
 0.06896551724137931 0.3448275862068966 0.06183115338882283
 0.06896551724137931 0.3793103448275862 0.07431629013079666
 0.06896551724137931 0.4137931034482759 0.08799048751486326
 0.06896551724137931 0.4482758620689655 0.1028537455410226
 0.06896551724137931 0.4827586206896552 0.1189060642092747
 0.06896551724137931 0.5172413793103449 0.1361474435196195
 0.06896551724137931 0.5517241379310345 0.1545778834720571
 0.06896551724137931 0.5862068965517241 0.1741973840665874
 0.06896551724137931 0.6206896551724138 0.1950059453032105
 0.06896551724137931 0.6551724137931034 0.2170035671819263
 0.06896551724137931 0.6896551724137931 0.2401902497027349
 0.06896551724137931 0.7241379310344828 0.2645659928656362
 0.06896551724137931 0.7586206896551724 0.2901307966706302
 0.06896551724137931 0.7931034482758621 0.3168846611177171
 0.06896551724137931 0.8275862068965517 0.3448275862068966
 0.06896551724137931 0.8620689655172413 0.3739595719381688
 0.06896551724137931 0.896551724137931 0.4042806183115339
 0.06896551724137931 0.9310344827586207 0.4357907253269917
 0.06896551724137931 0.9655172413793104 0.4684898929845423
 0.06896551724137931 1 0.5023781212841855
 0.103448275862069 0 0.00535077288941736
 0.103448275862069 0.03448275862068965 0.005945303210463734
 0.103448275862069 0.06896551724137931 0.007728894173602853
 0.103448275862069 0.103448275862069 0.01070154577883472
 0.103448275862069 0.1379310344827586 0.01486325802615933
 0.103448275862069 0.1724137931034483 0.0202140309155767
 0.103448275862069 0.2068965517241379 0.0267538644470868
 0.103448275862069 0.2413793103448276 0.03448275862068966
 0.103448275862069 0.2758620689655172 0.04340071343638525
 0.103448275862069 0.3103448275862069 0.05350772889417361
 0.103448275862069 0.3448275862068966 0.06480380499405471
 0.103448275862069 0.3793103448275862 0.07728894173602853
 0.103448275862069 0.4137931034482759 0.09096313912009513
 0.103448275862069 0.4482758620689655 0.1058263971462545
 0.103448275862069 0.4827586206896552 0.1218787158145066
 0.103448275862069 0.5172413793103449 0.1391200951248514
 0.103448275862069 0.5517241379310345 0.1575505350772889
 0.103448275862069 0.5862068965517241 0.1771700356718192
 0.103448275862069 0.6206896551724138 0.1979785969084423
 0.103448275862069 0.6551724137931034 0.2199762187871581
 0.103448275862069 0.6896551724137931 0.2431629013079667
 0.103448275862069 0.7241379310344828 0.2675386444708681
 0.103448275862069 0.7586206896551724 0.293103448275862
 0.103448275862069 0.7931034482758621 0.3198573127229489
 0.103448275862069 0.8275862068965517 0.3478002378121284
 0.103448275862069 0.8620689655172413 0.3769322235434007
 0.103448275862069 0.896551724137931 0.4072532699167658
 0.103448275862069 0.9310344827586207 0.4387633769322236
 0.103448275862069 0.9655172413793104 0.4714625445897742
 0.103448275862069 1 0.5053507728894173
 0.1379310344827586 0 0.009512485136741973
 0.1379310344827586 0.03448275862068965 0.01010701545778835
 0.1379310344827586 0.06896551724137931 0.01189060642092747
 0.1379310344827586 0.103448275862069 0.01486325802615933
 0.1379310344827586 0.1379310344827586 0.01902497027348395
 0.1379310344827586 0.1724137931034483 0.02437574316290131
 0.1379310344827586 0.2068965517241379 0.03091557669441141
 0.1379310344827586 0.2413793103448276 0.03864447086801427
 0.1379310344827586 0.2758620689655172 0.04756242568370986
 0.1379310344827586 0.3103448275862069 0.05766944114149822
 0.1379310344827586 0.3448275862068966 0.06896551724137931
 0.1379310344827586 0.3793103448275862 0.08145065398335313
 0.1379310344827586 0.4137931034482759 0.09512485136741974
 0.1379310344827586 0.4482758620689655 0.1099881093935791
 0.1379310344827586 0.4827586206896552 0.1260404280618312
 0.1379310344827586 0.5172413793103449 0.143281807372176
 0.1379310344827586 0.5517241379310345 0.1617122473246135
 0.1379310344827586 0.5862068965517241 0.1813317479191438
 0.1379310344827586 0.6206896551724138 0.2021403091557669
 0.1379310344827586 0.6551724137931034 0.2241379310344827
 0.1379310344827586 0.6896551724137931 0.2473246135552913
 0.1379310344827586 0.7241379310344828 0.2717003567181926
 0.1379310344827586 0.7586206896551724 0.2972651605231866
 0.1379310344827586 0.7931034482758621 0.3240190249702735
 0.1379310344827586 0.8275862068965517 0.351961950059453
 0.1379310344827586 0.8620689655172413 0.3810939357907253
 0.1379310344827586 0.896551724137931 0.4114149821640904
 0.1379310344827586 0.9310344827586207 0.4429250891795481
 0.1379310344827586 0.9655172413793104 0.4756242568370987
 0.1379310344827586 1 0.509512485136742
 0.1724137931034483 0 0.01486325802615934
 0.1724137931034483 0.03448275862068965 0.01545778834720571
 0.1724137931034483 0.06896551724137931 0.01724137931034483
 0.1724137931034483 0.103448275862069 0.0202140309155767
 0.1724137931034483 0.1379310344827586 0.02437574316290131
 0.1724137931034483 0.1724137931034483 0.02972651605231867
 0.1724137931034483 0.2068965517241379 0.03626634958382878
 0.1724137931034483 0.2413793103448276 0.04399524375743163
 0.1724137931034483 0.2758620689655172 0.05291319857312723
 0.1724137931034483 0.3103448275862069 0.06302021403091558
 0.1724137931034483 0.3448275862068966 0.07431629013079669
 0.1724137931034483 0.3793103448275862 0.08680142687277051
 0.1724137931034483 0.4137931034482759 0.1004756242568371
 0.1724137931034483 0.4482758620689655 0.1153388822829964
 0.1724137931034483 0.4827586206896552 0.1313912009512485
 0.1724137931034483 0.5172413793103449 0.1486325802615934
 0.1724137931034483 0.5517241379310345 0.1670630202140309
 0.1724137931034483 0.5862068965517241 0.1866825208085612
 0.1724137931034483 0.6206896551724138 0.2074910820451843
 0.1724137931034483 0.6551724137931034 0.2294887039239001
 0.1724137931034483 0.6896551724137931 0.2526753864447087
 0.1724137931034483 0.7241379310344828 0.27705112960761
 0.1724137931034483 0.7586206896551724 0.302615933412604
 0.1724137931034483 0.7931034482758621 0.3293697978596909
 0.1724137931034483 0.8275862068965517 0.3573127229488704
 0.1724137931034483 0.8620689655172413 0.3864447086801426
 0.1724137931034483 0.896551724137931 0.4167657550535078
 0.1724137931034483 0.9310344827586207 0.4482758620689655
 0.1724137931034483 0.9655172413793104 0.4809750297265161
 0.1724137931034483 1 0.5148632580261593
 0.2068965517241379 0 0.02140309155766944
 0.2068965517241379 0.03448275862068965 0.02199762187871581
 0.2068965517241379 0.06896551724137931 0.02378121284185494
 0.2068965517241379 0.103448275862069 0.0267538644470868
 0.2068965517241379 0.1379310344827586 0.03091557669441141
 0.2068965517241379 0.1724137931034483 0.03626634958382878
 0.2068965517241379 0.2068965517241379 0.04280618311533888
 0.2068965517241379 0.2413793103448276 0.05053507728894174
 0.2068965517241379 0.2758620689655172 0.05945303210463733
 0.2068965517241379 0.3103448275862069 0.06956004756242569
 0.2068965517241379 0.3448275862068966 0.08085612366230678
 0.2068965517241379 0.3793103448275862 0.0933412604042806
 0.2068965517241379 0.4137931034482759 0.1070154577883472
 0.2068965517241379 0.4482758620689655 0.1218787158145065
 0.2068965517241379 0.4827586206896552 0.1379310344827586
 0.2068965517241379 0.5172413793103449 0.1551724137931035
 0.2068965517241379 0.5517241379310345 0.173602853745541
 0.2068965517241379 0.5862068965517241 0.1932223543400713
 0.2068965517241379 0.6206896551724138 0.2140309155766944
 0.2068965517241379 0.6551724137931034 0.2360285374554102
 0.2068965517241379 0.6896551724137931 0.2592152199762188
 0.2068965517241379 0.7241379310344828 0.2835909631391201
 0.2068965517241379 0.7586206896551724 0.3091557669441141
 0.2068965517241379 0.7931034482758621 0.335909631391201
 0.2068965517241379 0.8275862068965517 0.3638525564803805
 0.2068965517241379 0.8620689655172413 0.3929845422116527
 0.2068965517241379 0.896551724137931 0.4233055885850179
 0.2068965517241379 0.9310344827586207 0.4548156956004756
 0.2068965517241379 0.9655172413793104 0.4875148632580262
 0.2068965517241379 1 0.5214030915576694
 0.2413793103448276 0 0.0291319857312723
 0.2413793103448276 0.03448275862068965 0.02972651605231867
 0.2413793103448276 0.06896551724137931 0.03151010701545779
 0.2413793103448276 0.103448275862069 0.03448275862068966
 0.2413793103448276 0.1379310344827586 0.03864447086801427
 0.2413793103448276 0.1724137931034483 0.04399524375743163
 0.2413793103448276 0.2068965517241379 0.05053507728894174
 0.2413793103448276 0.2413793103448276 0.0582639714625446
 0.2413793103448276 0.2758620689655172 0.06718192627824018
 0.2413793103448276 0.3103448275862069 0.07728894173602854
 0.2413793103448276 0.3448275862068966 0.08858501783590964
 0.2413793103448276 0.3793103448275862 0.1010701545778835
 0.2413793103448276 0.4137931034482759 0.1147443519619501
 0.2413793103448276 0.4482758620689655 0.1296076099881094
 0.2413793103448276 0.4827586206896552 0.1456599286563615
 0.2413793103448276 0.5172413793103449 0.1629013079667063
 0.2413793103448276 0.5517241379310345 0.1813317479191439
 0.2413793103448276 0.5862068965517241 0.2009512485136742
 0.2413793103448276 0.6206896551724138 0.2217598097502973
 0.2413793103448276 0.6551724137931034 0.2437574316290131
 0.2413793103448276 0.6896551724137931 0.2669441141498217
 0.2413793103448276 0.7241379310344828 0.291319857312723
 0.2413793103448276 0.7586206896551724 0.316884661117717
 0.2413793103448276 0.7931034482758621 0.3436385255648038
 0.2413793103448276 0.8275862068965517 0.3715814506539833
 0.2413793103448276 0.8620689655172413 0.4007134363852556
 0.2413793103448276 0.896551724137931 0.4310344827586207
 0.2413793103448276 0.9310344827586207 0.4625445897740785
 0.2413793103448276 0.9655172413793104 0.4952437574316291
 0.2413793103448276 1 0.5291319857312723
 0.2758620689655172 0 0.03804994054696789
 0.2758620689655172 0.03448275862068965 0.03864447086801426
 0.2758620689655172 0.06896551724137931 0.04042806183115338
 0.2758620689655172 0.103448275862069 0.04340071343638525
 0.2758620689655172 0.1379310344827586 0.04756242568370986
 0.2758620689655172 0.1724137931034483 0.05291319857312723
 0.2758620689655172 0.2068965517241379 0.05945303210463733
 0.2758620689655172 0.2413793103448276 0.06718192627824018
 0.2758620689655172 0.2758620689655172 0.07609988109393578
 0.2758620689655172 0.3103448275862069 0.08620689655172414
 0.2758620689655172 0.3448275862068966 0.09750297265160524
 0.2758620689655172 0.3793103448275862 0.1099881093935791
 0.2758620689655172 0.4137931034482759 0.1236623067776457
 0.2758620689655172 0.4482758620689655 0.138525564803805
 0.2758620689655172 0.4827586206896552 0.1545778834720571
 0.2758620689655172 0.5172413793103449 0.1718192627824019
 0.2758620689655172 0.5517241379310345 0.1902497027348395
 0.2758620689655172 0.5862068965517241 0.2098692033293698
 0.2758620689655172 0.6206896551724138 0.2306777645659929
 0.2758620689655172 0.6551724137931034 0.2526753864447087
 0.2758620689655172 0.6896551724137931 0.2758620689655172
 0.2758620689655172 0.7241379310344828 0.3002378121284186
 0.2758620689655172 0.7586206896551724 0.3258026159334125
 0.2758620689655172 0.7931034482758621 0.3525564803804995
 0.2758620689655172 0.8275862068965517 0.380499405469679
 0.2758620689655172 0.8620689655172413 0.4096313912009512
 0.2758620689655172 0.896551724137931 0.4399524375743163
 0.2758620689655172 0.9310344827586207 0.4714625445897741
 0.2758620689655172 0.9655172413793104 0.5041617122473246
 0.2758620689655172 1 0.5380499405469679
 0.3103448275862069 0 0.04815695600475624
 0.3103448275862069 0.03448275862068965 0.04875148632580262
 0.3103448275862069 0.06896551724137931 0.05053507728894174
 0.3103448275862069 0.103448275862069 0.05350772889417361
 0.3103448275862069 0.1379310344827586 0.05766944114149822
 0.3103448275862069 0.1724137931034483 0.06302021403091558
 0.3103448275862069 0.2068965517241379 0.06956004756242569
 0.3103448275862069 0.2413793103448276 0.07728894173602854
 0.3103448275862069 0.2758620689655172 0.08620689655172414
 0.3103448275862069 0.3103448275862069 0.09631391200951249
 0.3103448275862069 0.3448275862068966 0.1076099881093936
 0.3103448275862069 0.3793103448275862 0.1200951248513674
 0.3103448275862069 0.4137931034482759 0.133769322235434
 0.3103448275862069 0.4482758620689655 0.1486325802615933
 0.3103448275862069 0.4827586206896552 0.1646848989298454
 0.3103448275862069 0.5172413793103449 0.1819262782401903
 0.3103448275862069 0.5517241379310345 0.2003567181926278
 0.3103448275862069 0.5862068965517241 0.2199762187871581
 0.3103448275862069 0.6206896551724138 0.2407847800237812
 0.3103448275862069 0.6551724137931034 0.262782401902497
 0.3103448275862069 0.6896551724137931 0.2859690844233056
 0.3103448275862069 0.7241379310344828 0.3103448275862069
 0.3103448275862069 0.7586206896551724 0.3359096313912009
 0.3103448275862069 0.7931034482758621 0.3626634958382878
 0.3103448275862069 0.8275862068965517 0.3906064209274673
 0.3103448275862069 0.8620689655172413 0.4197384066587395
 0.3103448275862069 0.896551724137931 0.4500594530321047
 0.3103448275862069 0.9310344827586207 0.4815695600475624
 0.3103448275862069 0.9655172413793104 0.514268727705113
 0.3103448275862069 1 0.5481569560047562
 0.3448275862068966 0 0.05945303210463734
 0.3448275862068966 0.03448275862068965 0.06004756242568372
 0.3448275862068966 0.06896551724137931 0.06183115338882283
 0.3448275862068966 0.103448275862069 0.06480380499405471
 0.3448275862068966 0.1379310344827586 0.06896551724137931
 0.3448275862068966 0.1724137931034483 0.07431629013079669
 0.3448275862068966 0.2068965517241379 0.08085612366230678
 0.3448275862068966 0.2413793103448276 0.08858501783590964
 0.3448275862068966 0.2758620689655172 0.09750297265160524
 0.3448275862068966 0.3103448275862069 0.1076099881093936
 0.3448275862068966 0.3448275862068966 0.1189060642092747
 0.3448275862068966 0.3793103448275862 0.1313912009512485
 0.3448275862068966 0.4137931034482759 0.1450653983353151
 0.3448275862068966 0.4482758620689655 0.1599286563614745
 0.3448275862068966 0.4827586206896552 0.1759809750297265
 0.3448275862068966 0.5172413793103449 0.1932223543400714
 0.3448275862068966 0.5517241379310345 0.2116527942925089
 0.3448275862068966 0.5862068965517241 0.2312722948870392
 0.3448275862068966 0.6206896551724138 0.2520808561236623
 0.3448275862068966 0.6551724137931034 0.2740784780023781
 0.3448275862068966 0.6896551724137931 0.2972651605231867
 0.3448275862068966 0.7241379310344828 0.321640903686088
 0.3448275862068966 0.7586206896551724 0.347205707491082
 0.3448275862068966 0.7931034482758621 0.3739595719381689
 0.3448275862068966 0.8275862068965517 0.4019024970273484
 0.3448275862068966 0.8620689655172413 0.4310344827586207
 0.3448275862068966 0.896551724137931 0.4613555291319857
 0.3448275862068966 0.9310344827586207 0.4928656361474435
 0.3448275862068966 0.9655172413793104 0.5255648038049942
 0.3448275862068966 1 0.5594530321046374
 0.3793103448275862 0 0.07193816884661117
 0.3793103448275862 0.03448275862068965 0.07253269916765755
 0.3793103448275862 0.06896551724137931 0.07431629013079666
 0.3793103448275862 0.103448275862069 0.07728894173602853
 0.3793103448275862 0.1379310344827586 0.08145065398335313
 0.3793103448275862 0.1724137931034483 0.08680142687277051
 0.3793103448275862 0.2068965517241379 0.0933412604042806
 0.3793103448275862 0.2413793103448276 0.1010701545778835
 0.3793103448275862 0.2758620689655172 0.1099881093935791
 0.3793103448275862 0.3103448275862069 0.1200951248513674
 0.3793103448275862 0.3448275862068966 0.1313912009512485
 0.3793103448275862 0.3793103448275862 0.1438763376932223
 0.3793103448275862 0.4137931034482759 0.1575505350772889
 0.3793103448275862 0.4482758620689655 0.1724137931034483
 0.3793103448275862 0.4827586206896552 0.1884661117717004
 0.3793103448275862 0.5172413793103449 0.2057074910820452
 0.3793103448275862 0.5517241379310345 0.2241379310344827
 0.3793103448275862 0.5862068965517241 0.243757431629013
 0.3793103448275862 0.6206896551724138 0.2645659928656361
 0.3793103448275862 0.6551724137931034 0.2865636147443519
 0.3793103448275862 0.6896551724137931 0.3097502972651606
 0.3793103448275862 0.7241379310344828 0.3341260404280618
 0.3793103448275862 0.7586206896551724 0.3596908442330559
 0.3793103448275862 0.7931034482758621 0.3864447086801427
 0.3793103448275862 0.8275862068965517 0.4143876337693222
 0.3793103448275862 0.8620689655172413 0.4435196195005945
 0.3793103448275862 0.896551724137931 0.4738406658739596
 0.3793103448275862 0.9310344827586207 0.5053507728894173
 0.3793103448275862 0.9655172413793104 0.538049940546968
 0.3793103448275862 1 0.5719381688466112
 0.4137931034482759 0 0.08561236623067776
 0.4137931034482759 0.03448275862068965 0.08620689655172414
 0.4137931034482759 0.06896551724137931 0.08799048751486326
 0.4137931034482759 0.103448275862069 0.09096313912009513
 0.4137931034482759 0.1379310344827586 0.09512485136741974
 0.4137931034482759 0.1724137931034483 0.1004756242568371
 0.4137931034482759 0.2068965517241379 0.1070154577883472
 0.4137931034482759 0.2413793103448276 0.1147443519619501
 0.4137931034482759 0.2758620689655172 0.1236623067776457
 0.4137931034482759 0.3103448275862069 0.133769322235434
 0.4137931034482759 0.3448275862068966 0.1450653983353151
 0.4137931034482759 0.3793103448275862 0.1575505350772889
 0.4137931034482759 0.4137931034482759 0.1712247324613555
 0.4137931034482759 0.4482758620689655 0.1860879904875149
 0.4137931034482759 0.4827586206896552 0.202140309155767
 0.4137931034482759 0.5172413793103449 0.2193816884661118
 0.4137931034482759 0.5517241379310345 0.2378121284185493
 0.4137931034482759 0.5862068965517241 0.2574316290130796
 0.4137931034482759 0.6206896551724138 0.2782401902497028
 0.4137931034482759 0.6551724137931034 0.3002378121284185
 0.4137931034482759 0.6896551724137931 0.3234244946492271
 0.4137931034482759 0.7241379310344828 0.3478002378121284
 0.4137931034482759 0.7586206896551724 0.3733650416171224
 0.4137931034482759 0.7931034482758621 0.4001189060642093
 0.4137931034482759 0.8275862068965517 0.4280618311533888
 0.4137931034482759 0.8620689655172413 0.457193816884661
 0.4137931034482759 0.896551724137931 0.4875148632580262
 0.4137931034482759 0.9310344827586207 0.5190249702734839
 0.4137931034482759 0.9655172413793104 0.5517241379310346
 0.4137931034482759 1 0.5856123662306778
 0.4482758620689655 0 0.1004756242568371
 0.4482758620689655 0.03448275862068965 0.1010701545778835
 0.4482758620689655 0.06896551724137931 0.1028537455410226
 0.4482758620689655 0.103448275862069 0.1058263971462545
 0.4482758620689655 0.1379310344827586 0.1099881093935791
 0.4482758620689655 0.1724137931034483 0.1153388822829964
 0.4482758620689655 0.2068965517241379 0.1218787158145065
 0.4482758620689655 0.2413793103448276 0.1296076099881094
 0.4482758620689655 0.2758620689655172 0.138525564803805
 0.4482758620689655 0.3103448275862069 0.1486325802615933
 0.4482758620689655 0.3448275862068966 0.1599286563614745
 0.4482758620689655 0.3793103448275862 0.1724137931034483
 0.4482758620689655 0.4137931034482759 0.1860879904875149
 0.4482758620689655 0.4482758620689655 0.2009512485136742
 0.4482758620689655 0.4827586206896552 0.2170035671819263
 0.4482758620689655 0.5172413793103449 0.2342449464922711
 0.4482758620689655 0.5517241379310345 0.2526753864447087
 0.4482758620689655 0.5862068965517241 0.272294887039239
 0.4482758620689655 0.6206896551724138 0.2931034482758621
 0.4482758620689655 0.6551724137931034 0.3151010701545779
 0.4482758620689655 0.6896551724137931 0.3382877526753865
 0.4482758620689655 0.7241379310344828 0.3626634958382878
 0.4482758620689655 0.7586206896551724 0.3882282996432818
 0.4482758620689655 0.7931034482758621 0.4149821640903686
 0.4482758620689655 0.8275862068965517 0.4429250891795481
 0.4482758620689655 0.8620689655172413 0.4720570749108204
 0.4482758620689655 0.896551724137931 0.5023781212841856
 0.4482758620689655 0.9310344827586207 0.5338882282996433
 0.4482758620689655 0.9655172413793104 0.5665873959571939
 0.4482758620689655 1 0.6004756242568371
 0.4827586206896552 0 0.1165279429250892
 0.4827586206896552 0.03448275862068965 0.1171224732461356
 0.4827586206896552 0.06896551724137931 0.1189060642092747
 0.4827586206896552 0.103448275862069 0.1218787158145066
 0.4827586206896552 0.1379310344827586 0.1260404280618312
 0.4827586206896552 0.1724137931034483 0.1313912009512485
 0.4827586206896552 0.2068965517241379 0.1379310344827586
 0.4827586206896552 0.2413793103448276 0.1456599286563615
 0.4827586206896552 0.2758620689655172 0.1545778834720571
 0.4827586206896552 0.3103448275862069 0.1646848989298454
 0.4827586206896552 0.3448275862068966 0.1759809750297265
 0.4827586206896552 0.3793103448275862 0.1884661117717004
 0.4827586206896552 0.4137931034482759 0.202140309155767
 0.4827586206896552 0.4482758620689655 0.2170035671819263
 0.4827586206896552 0.4827586206896552 0.2330558858501784
 0.4827586206896552 0.5172413793103449 0.2502972651605232
 0.4827586206896552 0.5517241379310345 0.2687277051129607
 0.4827586206896552 0.5862068965517241 0.2883472057074911
 0.4827586206896552 0.6206896551724138 0.3091557669441142
 0.4827586206896552 0.6551724137931034 0.33115338882283
 0.4827586206896552 0.6896551724137931 0.3543400713436385
 0.4827586206896552 0.7241379310344828 0.3787158145065399
 0.4827586206896552 0.7586206896551724 0.4042806183115338
 0.4827586206896552 0.7931034482758621 0.4310344827586208
 0.4827586206896552 0.8275862068965517 0.4589774078478003
 0.4827586206896552 0.8620689655172413 0.4881093935790725
 0.4827586206896552 0.896551724137931 0.5184304399524376
 0.4827586206896552 0.9310344827586207 0.5499405469678954
 0.4827586206896552 0.9655172413793104 0.5826397146254459
 0.4827586206896552 1 0.6165279429250892
 0.5172413793103449 0 0.133769322235434
 0.5172413793103449 0.03448275862068965 0.1343638525564804
 0.5172413793103449 0.06896551724137931 0.1361474435196195
 0.5172413793103449 0.103448275862069 0.1391200951248514
 0.5172413793103449 0.1379310344827586 0.143281807372176
 0.5172413793103449 0.1724137931034483 0.1486325802615934
 0.5172413793103449 0.2068965517241379 0.1551724137931035
 0.5172413793103449 0.2413793103448276 0.1629013079667063
 0.5172413793103449 0.2758620689655172 0.1718192627824019
 0.5172413793103449 0.3103448275862069 0.1819262782401903
 0.5172413793103449 0.3448275862068966 0.1932223543400714
 0.5172413793103449 0.3793103448275862 0.2057074910820452
 0.5172413793103449 0.4137931034482759 0.2193816884661118
 0.5172413793103449 0.4482758620689655 0.2342449464922711
 0.5172413793103449 0.4827586206896552 0.2502972651605232
 0.5172413793103449 0.5172413793103449 0.2675386444708681
 0.5172413793103449 0.5517241379310345 0.2859690844233056
 0.5172413793103449 0.5862068965517241 0.3055885850178359
 0.5172413793103449 0.6206896551724138 0.326397146254459
 0.5172413793103449 0.6551724137931034 0.3483947681331748
 0.5172413793103449 0.6896551724137931 0.3715814506539834
 0.5172413793103449 0.7241379310344828 0.3959571938168847
 0.5172413793103449 0.7586206896551724 0.4215219976218787
 0.5172413793103449 0.7931034482758621 0.4482758620689656
 0.5172413793103449 0.8275862068965517 0.4762187871581451
 0.5172413793103449 0.8620689655172413 0.5053507728894173
 0.5172413793103449 0.896551724137931 0.5356718192627825
 0.5172413793103449 0.9310344827586207 0.5671819262782403
 0.5172413793103449 0.9655172413793104 0.5998810939357908
 0.5172413793103449 1 0.633769322235434
 0.5517241379310345 0 0.1521997621878716
 0.5517241379310345 0.03448275862068965 0.1527942925089179
 0.5517241379310345 0.06896551724137931 0.1545778834720571
 0.5517241379310345 0.103448275862069 0.1575505350772889
 0.5517241379310345 0.1379310344827586 0.1617122473246135
 0.5517241379310345 0.1724137931034483 0.1670630202140309
 0.5517241379310345 0.2068965517241379 0.173602853745541
 0.5517241379310345 0.2413793103448276 0.1813317479191439
 0.5517241379310345 0.2758620689655172 0.1902497027348395
 0.5517241379310345 0.3103448275862069 0.2003567181926278
 0.5517241379310345 0.3448275862068966 0.2116527942925089
 0.5517241379310345 0.3793103448275862 0.2241379310344827
 0.5517241379310345 0.4137931034482759 0.2378121284185493
 0.5517241379310345 0.4482758620689655 0.2526753864447087
 0.5517241379310345 0.4827586206896552 0.2687277051129607
 0.5517241379310345 0.5172413793103449 0.2859690844233056
 0.5517241379310345 0.5517241379310345 0.3043995243757431
 0.5517241379310345 0.5862068965517241 0.3240190249702735
 0.5517241379310345 0.6206896551724138 0.3448275862068966
 0.5517241379310345 0.6551724137931034 0.3668252080856124
 0.5517241379310345 0.6896551724137931 0.3900118906064209
 0.5517241379310345 0.7241379310344828 0.4143876337693223
 0.5517241379310345 0.7586206896551724 0.4399524375743162
 0.5517241379310345 0.7931034482758621 0.4667063020214031
 0.5517241379310345 0.8275862068965517 0.4946492271105826
 0.5517241379310345 0.8620689655172413 0.5237812128418549
 0.5517241379310345 0.896551724137931 0.55410225921522
 0.5517241379310345 0.9310344827586207 0.5856123662306778
 0.5517241379310345 0.9655172413793104 0.6183115338882283
 0.5517241379310345 1 0.6521997621878716
 0.5862068965517241 0 0.1718192627824019
 0.5862068965517241 0.03448275862068965 0.1724137931034482
 0.5862068965517241 0.06896551724137931 0.1741973840665874
 0.5862068965517241 0.103448275862069 0.1771700356718192
 0.5862068965517241 0.1379310344827586 0.1813317479191438
 0.5862068965517241 0.1724137931034483 0.1866825208085612
 0.5862068965517241 0.2068965517241379 0.1932223543400713
 0.5862068965517241 0.2413793103448276 0.2009512485136742
 0.5862068965517241 0.2758620689655172 0.2098692033293698
 0.5862068965517241 0.3103448275862069 0.2199762187871581
 0.5862068965517241 0.3448275862068966 0.2312722948870392
 0.5862068965517241 0.3793103448275862 0.243757431629013
 0.5862068965517241 0.4137931034482759 0.2574316290130796
 0.5862068965517241 0.4482758620689655 0.272294887039239
 0.5862068965517241 0.4827586206896552 0.2883472057074911
 0.5862068965517241 0.5172413793103449 0.3055885850178359
 0.5862068965517241 0.5517241379310345 0.3240190249702735
 0.5862068965517241 0.5862068965517241 0.3436385255648037
 0.5862068965517241 0.6206896551724138 0.3644470868014268
 0.5862068965517241 0.6551724137931034 0.3864447086801426
 0.5862068965517241 0.6896551724137931 0.4096313912009513
 0.5862068965517241 0.7241379310344828 0.4340071343638525
 0.5862068965517241 0.7586206896551724 0.4595719381688466
 0.5862068965517241 0.7931034482758621 0.4863258026159334
 0.5862068965517241 0.8275862068965517 0.5142687277051129
 0.5862068965517241 0.8620689655172413 0.5434007134363852
 0.5862068965517241 0.896551724137931 0.5737217598097503
 0.5862068965517241 0.9310344827586207 0.605231866825208
 0.5862068965517241 0.9655172413793104 0.6379310344827587
 0.5862068965517241 1 0.6718192627824019
 0.6206896551724138 0 0.192627824019025
 0.6206896551724138 0.03448275862068965 0.1932223543400713
 0.6206896551724138 0.06896551724137931 0.1950059453032105
 0.6206896551724138 0.103448275862069 0.1979785969084423
 0.6206896551724138 0.1379310344827586 0.2021403091557669
 0.6206896551724138 0.1724137931034483 0.2074910820451843
 0.6206896551724138 0.2068965517241379 0.2140309155766944
 0.6206896551724138 0.2413793103448276 0.2217598097502973
 0.6206896551724138 0.2758620689655172 0.2306777645659929
 0.6206896551724138 0.3103448275862069 0.2407847800237812
 0.6206896551724138 0.3448275862068966 0.2520808561236623
 0.6206896551724138 0.3793103448275862 0.2645659928656361
 0.6206896551724138 0.4137931034482759 0.2782401902497028
 0.6206896551724138 0.4482758620689655 0.2931034482758621
 0.6206896551724138 0.4827586206896552 0.3091557669441142
 0.6206896551724138 0.5172413793103449 0.326397146254459
 0.6206896551724138 0.5517241379310345 0.3448275862068966
 0.6206896551724138 0.5862068965517241 0.3644470868014268
 0.6206896551724138 0.6206896551724138 0.38525564803805
 0.6206896551724138 0.6551724137931034 0.4072532699167657
 0.6206896551724138 0.6896551724137931 0.4304399524375744
 0.6206896551724138 0.7241379310344828 0.4548156956004756
 0.6206896551724138 0.7586206896551724 0.4803804994054697
 0.6206896551724138 0.7931034482758621 0.5071343638525565
 0.6206896551724138 0.8275862068965517 0.535077288941736
 0.6206896551724138 0.8620689655172413 0.5642092746730083
 0.6206896551724138 0.896551724137931 0.5945303210463734
 0.6206896551724138 0.9310344827586207 0.6260404280618311
 0.6206896551724138 0.9655172413793104 0.6587395957193818
 0.6206896551724138 1 0.692627824019025
 0.6551724137931034 0 0.2146254458977408
 0.6551724137931034 0.03448275862068965 0.2152199762187871
 0.6551724137931034 0.06896551724137931 0.2170035671819263
 0.6551724137931034 0.103448275862069 0.2199762187871581
 0.6551724137931034 0.1379310344827586 0.2241379310344827
 0.6551724137931034 0.1724137931034483 0.2294887039239001
 0.6551724137931034 0.2068965517241379 0.2360285374554102
 0.6551724137931034 0.2413793103448276 0.2437574316290131
 0.6551724137931034 0.2758620689655172 0.2526753864447087
 0.6551724137931034 0.3103448275862069 0.262782401902497
 0.6551724137931034 0.3448275862068966 0.2740784780023781
 0.6551724137931034 0.3793103448275862 0.2865636147443519
 0.6551724137931034 0.4137931034482759 0.3002378121284185
 0.6551724137931034 0.4482758620689655 0.3151010701545779
 0.6551724137931034 0.4827586206896552 0.33115338882283
 0.6551724137931034 0.5172413793103449 0.3483947681331748
 0.6551724137931034 0.5517241379310345 0.3668252080856124
 0.6551724137931034 0.5862068965517241 0.3864447086801426
 0.6551724137931034 0.6206896551724138 0.4072532699167657
 0.6551724137931034 0.6551724137931034 0.4292508917954815
 0.6551724137931034 0.6896551724137931 0.4524375743162902
 0.6551724137931034 0.7241379310344828 0.4768133174791914
 0.6551724137931034 0.7586206896551724 0.5023781212841855
 0.6551724137931034 0.7931034482758621 0.5291319857312723
 0.6551724137931034 0.8275862068965517 0.5570749108204518
 0.6551724137931034 0.8620689655172413 0.5862068965517241
 0.6551724137931034 0.896551724137931 0.6165279429250892
 0.6551724137931034 0.9310344827586207 0.6480380499405469
 0.6551724137931034 0.9655172413793104 0.6807372175980976
 0.6551724137931034 1 0.7146254458977408
 0.6896551724137931 0 0.2378121284185494
 0.6896551724137931 0.03448275862068965 0.2384066587395957
 0.6896551724137931 0.06896551724137931 0.2401902497027349
 0.6896551724137931 0.103448275862069 0.2431629013079667
 0.6896551724137931 0.1379310344827586 0.2473246135552913
 0.6896551724137931 0.1724137931034483 0.2526753864447087
 0.6896551724137931 0.2068965517241379 0.2592152199762188
 0.6896551724137931 0.2413793103448276 0.2669441141498217
 0.6896551724137931 0.2758620689655172 0.2758620689655172
 0.6896551724137931 0.3103448275862069 0.2859690844233056
 0.6896551724137931 0.3448275862068966 0.2972651605231867
 0.6896551724137931 0.3793103448275862 0.3097502972651606
 0.6896551724137931 0.4137931034482759 0.3234244946492271
 0.6896551724137931 0.4482758620689655 0.3382877526753865
 0.6896551724137931 0.4827586206896552 0.3543400713436385
 0.6896551724137931 0.5172413793103449 0.3715814506539834
 0.6896551724137931 0.5517241379310345 0.3900118906064209
 0.6896551724137931 0.5862068965517241 0.4096313912009513
 0.6896551724137931 0.6206896551724138 0.4304399524375744
 0.6896551724137931 0.6551724137931034 0.4524375743162902
 0.6896551724137931 0.6896551724137931 0.4756242568370987
 0.6896551724137931 0.7241379310344828 0.5
 0.6896551724137931 0.7586206896551724 0.525564803804994
 0.6896551724137931 0.7931034482758621 0.5523186682520809
 0.6896551724137931 0.8275862068965517 0.5802615933412605
 0.6896551724137931 0.8620689655172413 0.6093935790725327
 0.6896551724137931 0.896551724137931 0.6397146254458979
 0.6896551724137931 0.9310344827586207 0.6712247324613556
 0.6896551724137931 0.9655172413793104 0.7039239001189062
 0.6896551724137931 1 0.7378121284185494
 0.7241379310344828 0 0.2621878715814507
 0.7241379310344828 0.03448275862068965 0.2627824019024971
 0.7241379310344828 0.06896551724137931 0.2645659928656362
 0.7241379310344828 0.103448275862069 0.2675386444708681
 0.7241379310344828 0.1379310344827586 0.2717003567181926
 0.7241379310344828 0.1724137931034483 0.27705112960761
 0.7241379310344828 0.2068965517241379 0.2835909631391201
 0.7241379310344828 0.2413793103448276 0.291319857312723
 0.7241379310344828 0.2758620689655172 0.3002378121284186
 0.7241379310344828 0.3103448275862069 0.3103448275862069
 0.7241379310344828 0.3448275862068966 0.321640903686088
 0.7241379310344828 0.3793103448275862 0.3341260404280618
 0.7241379310344828 0.4137931034482759 0.3478002378121284
 0.7241379310344828 0.4482758620689655 0.3626634958382878
 0.7241379310344828 0.4827586206896552 0.3787158145065399
 0.7241379310344828 0.5172413793103449 0.3959571938168847
 0.7241379310344828 0.5517241379310345 0.4143876337693223
 0.7241379310344828 0.5862068965517241 0.4340071343638525
 0.7241379310344828 0.6206896551724138 0.4548156956004756
 0.7241379310344828 0.6551724137931034 0.4768133174791914
 0.7241379310344828 0.6896551724137931 0.5
 0.7241379310344828 0.7241379310344828 0.5243757431629014
 0.7241379310344828 0.7586206896551724 0.5499405469678953
 0.7241379310344828 0.7931034482758621 0.5766944114149822
 0.7241379310344828 0.8275862068965517 0.6046373365041617
 0.7241379310344828 0.8620689655172413 0.6337693222354339
 0.7241379310344828 0.896551724137931 0.6640903686087991
 0.7241379310344828 0.9310344827586207 0.6956004756242569
 0.7241379310344828 0.9655172413793104 0.7282996432818074
 0.7241379310344828 1 0.7621878715814507
 0.7586206896551724 0 0.2877526753864447
 0.7586206896551724 0.03448275862068965 0.2883472057074911
 0.7586206896551724 0.06896551724137931 0.2901307966706302
 0.7586206896551724 0.103448275862069 0.293103448275862
 0.7586206896551724 0.1379310344827586 0.2972651605231866
 0.7586206896551724 0.1724137931034483 0.302615933412604
 0.7586206896551724 0.2068965517241379 0.3091557669441141
 0.7586206896551724 0.2413793103448276 0.316884661117717
 0.7586206896551724 0.2758620689655172 0.3258026159334125
 0.7586206896551724 0.3103448275862069 0.3359096313912009
 0.7586206896551724 0.3448275862068966 0.347205707491082
 0.7586206896551724 0.3793103448275862 0.3596908442330559
 0.7586206896551724 0.4137931034482759 0.3733650416171224
 0.7586206896551724 0.4482758620689655 0.3882282996432818
 0.7586206896551724 0.4827586206896552 0.4042806183115338
 0.7586206896551724 0.5172413793103449 0.4215219976218787
 0.7586206896551724 0.5517241379310345 0.4399524375743162
 0.7586206896551724 0.5862068965517241 0.4595719381688466
 0.7586206896551724 0.6206896551724138 0.4803804994054697
 0.7586206896551724 0.6551724137931034 0.5023781212841855
 0.7586206896551724 0.6896551724137931 0.525564803804994
 0.7586206896551724 0.7241379310344828 0.5499405469678953
 0.7586206896551724 0.7586206896551724 0.5755053507728893
 0.7586206896551724 0.7931034482758621 0.6022592152199762
 0.7586206896551724 0.8275862068965517 0.6302021403091558
 0.7586206896551724 0.8620689655172413 0.659334126040428
 0.7586206896551724 0.896551724137931 0.6896551724137931
 0.7586206896551724 0.9310344827586207 0.7211652794292509
 0.7586206896551724 0.9655172413793104 0.7538644470868014
 0.7586206896551724 1 0.7877526753864447
 0.7931034482758621 0 0.3145065398335316
 0.7931034482758621 0.03448275862068965 0.3151010701545779
 0.7931034482758621 0.06896551724137931 0.3168846611177171
 0.7931034482758621 0.103448275862069 0.3198573127229489
 0.7931034482758621 0.1379310344827586 0.3240190249702735
 0.7931034482758621 0.1724137931034483 0.3293697978596909
 0.7931034482758621 0.2068965517241379 0.335909631391201
 0.7931034482758621 0.2413793103448276 0.3436385255648038
 0.7931034482758621 0.2758620689655172 0.3525564803804995
 0.7931034482758621 0.3103448275862069 0.3626634958382878
 0.7931034482758621 0.3448275862068966 0.3739595719381689
 0.7931034482758621 0.3793103448275862 0.3864447086801427
 0.7931034482758621 0.4137931034482759 0.4001189060642093
 0.7931034482758621 0.4482758620689655 0.4149821640903686
 0.7931034482758621 0.4827586206896552 0.4310344827586208
 0.7931034482758621 0.5172413793103449 0.4482758620689656
 0.7931034482758621 0.5517241379310345 0.4667063020214031
 0.7931034482758621 0.5862068965517241 0.4863258026159334
 0.7931034482758621 0.6206896551724138 0.5071343638525565
 0.7931034482758621 0.6551724137931034 0.5291319857312723
 0.7931034482758621 0.6896551724137931 0.5523186682520809
 0.7931034482758621 0.7241379310344828 0.5766944114149822
 0.7931034482758621 0.7586206896551724 0.6022592152199762
 0.7931034482758621 0.7931034482758621 0.6290130796670631
 0.7931034482758621 0.8275862068965517 0.6569560047562426
 0.7931034482758621 0.8620689655172413 0.6860879904875148
 0.7931034482758621 0.896551724137931 0.71640903686088
 0.7931034482758621 0.9310344827586207 0.7479191438763377
 0.7931034482758621 0.9655172413793104 0.7806183115338883
 0.7931034482758621 1 0.8145065398335316
 0.8275862068965517 0 0.3424494649227111
 0.8275862068965517 0.03448275862068965 0.3430439952437574
 0.8275862068965517 0.06896551724137931 0.3448275862068966
 0.8275862068965517 0.103448275862069 0.3478002378121284
 0.8275862068965517 0.1379310344827586 0.351961950059453
 0.8275862068965517 0.1724137931034483 0.3573127229488704
 0.8275862068965517 0.2068965517241379 0.3638525564803805
 0.8275862068965517 0.2413793103448276 0.3715814506539833
 0.8275862068965517 0.2758620689655172 0.380499405469679
 0.8275862068965517 0.3103448275862069 0.3906064209274673
 0.8275862068965517 0.3448275862068966 0.4019024970273484
 0.8275862068965517 0.3793103448275862 0.4143876337693222
 0.8275862068965517 0.4137931034482759 0.4280618311533888
 0.8275862068965517 0.4482758620689655 0.4429250891795481
 0.8275862068965517 0.4827586206896552 0.4589774078478003
 0.8275862068965517 0.5172413793103449 0.4762187871581451
 0.8275862068965517 0.5517241379310345 0.4946492271105826
 0.8275862068965517 0.5862068965517241 0.5142687277051129
 0.8275862068965517 0.6206896551724138 0.535077288941736
 0.8275862068965517 0.6551724137931034 0.5570749108204518
 0.8275862068965517 0.6896551724137931 0.5802615933412605
 0.8275862068965517 0.7241379310344828 0.6046373365041617
 0.8275862068965517 0.7586206896551724 0.6302021403091558
 0.8275862068965517 0.7931034482758621 0.6569560047562426
 0.8275862068965517 0.8275862068965517 0.6848989298454221
 0.8275862068965517 0.8620689655172413 0.7140309155766944
 0.8275862068965517 0.896551724137931 0.7443519619500595
 0.8275862068965517 0.9310344827586207 0.7758620689655172
 0.8275862068965517 0.9655172413793104 0.8085612366230679
 0.8275862068965517 1 0.842449464922711
 0.8620689655172413 0 0.3715814506539833
 0.8620689655172413 0.03448275862068965 0.3721759809750297
 0.8620689655172413 0.06896551724137931 0.3739595719381688
 0.8620689655172413 0.103448275862069 0.3769322235434007
 0.8620689655172413 0.1379310344827586 0.3810939357907253
 0.8620689655172413 0.1724137931034483 0.3864447086801426
 0.8620689655172413 0.2068965517241379 0.3929845422116527
 0.8620689655172413 0.2413793103448276 0.4007134363852556
 0.8620689655172413 0.2758620689655172 0.4096313912009512
 0.8620689655172413 0.3103448275862069 0.4197384066587395
 0.8620689655172413 0.3448275862068966 0.4310344827586207
 0.8620689655172413 0.3793103448275862 0.4435196195005945
 0.8620689655172413 0.4137931034482759 0.457193816884661
 0.8620689655172413 0.4482758620689655 0.4720570749108204
 0.8620689655172413 0.4827586206896552 0.4881093935790725
 0.8620689655172413 0.5172413793103449 0.5053507728894173
 0.8620689655172413 0.5517241379310345 0.5237812128418549
 0.8620689655172413 0.5862068965517241 0.5434007134363852
 0.8620689655172413 0.6206896551724138 0.5642092746730083
 0.8620689655172413 0.6551724137931034 0.5862068965517241
 0.8620689655172413 0.6896551724137931 0.6093935790725327
 0.8620689655172413 0.7241379310344828 0.6337693222354339
 0.8620689655172413 0.7586206896551724 0.659334126040428
 0.8620689655172413 0.7931034482758621 0.6860879904875148
 0.8620689655172413 0.8275862068965517 0.7140309155766944
 0.8620689655172413 0.8620689655172413 0.7431629013079666
 0.8620689655172413 0.896551724137931 0.7734839476813318
 0.8620689655172413 0.9310344827586207 0.8049940546967895
 0.8620689655172413 0.9655172413793104 0.8376932223543401
 0.8620689655172413 1 0.8715814506539833
 0.896551724137931 0 0.4019024970273484
 0.896551724137931 0.03448275862068965 0.4024970273483948
 0.896551724137931 0.06896551724137931 0.4042806183115339
 0.896551724137931 0.103448275862069 0.4072532699167658
 0.896551724137931 0.1379310344827586 0.4114149821640904
 0.896551724137931 0.1724137931034483 0.4167657550535078
 0.896551724137931 0.2068965517241379 0.4233055885850179
 0.896551724137931 0.2413793103448276 0.4310344827586207
 0.896551724137931 0.2758620689655172 0.4399524375743163
 0.896551724137931 0.3103448275862069 0.4500594530321047
 0.896551724137931 0.3448275862068966 0.4613555291319857
 0.896551724137931 0.3793103448275862 0.4738406658739596
 0.896551724137931 0.4137931034482759 0.4875148632580262
 0.896551724137931 0.4482758620689655 0.5023781212841856
 0.896551724137931 0.4827586206896552 0.5184304399524376
 0.896551724137931 0.5172413793103449 0.5356718192627825
 0.896551724137931 0.5517241379310345 0.55410225921522
 0.896551724137931 0.5862068965517241 0.5737217598097503
 0.896551724137931 0.6206896551724138 0.5945303210463734
 0.896551724137931 0.6551724137931034 0.6165279429250892
 0.896551724137931 0.6896551724137931 0.6397146254458979
 0.896551724137931 0.7241379310344828 0.6640903686087991
 0.896551724137931 0.7586206896551724 0.6896551724137931
 0.896551724137931 0.7931034482758621 0.71640903686088
 0.896551724137931 0.8275862068965517 0.7443519619500595
 0.896551724137931 0.8620689655172413 0.7734839476813318
 0.896551724137931 0.896551724137931 0.8038049940546969
 0.896551724137931 0.9310344827586207 0.8353151010701546
 0.896551724137931 0.9655172413793104 0.8680142687277053
 0.896551724137931 1 0.9019024970273484
 0.9310344827586207 0 0.4334126040428062
 0.9310344827586207 0.03448275862068965 0.4340071343638526
 0.9310344827586207 0.06896551724137931 0.4357907253269917
 0.9310344827586207 0.103448275862069 0.4387633769322236
 0.9310344827586207 0.1379310344827586 0.4429250891795481
 0.9310344827586207 0.1724137931034483 0.4482758620689655
 0.9310344827586207 0.2068965517241379 0.4548156956004756
 0.9310344827586207 0.2413793103448276 0.4625445897740785
 0.9310344827586207 0.2758620689655172 0.4714625445897741
 0.9310344827586207 0.3103448275862069 0.4815695600475624
 0.9310344827586207 0.3448275862068966 0.4928656361474435
 0.9310344827586207 0.3793103448275862 0.5053507728894173
 0.9310344827586207 0.4137931034482759 0.5190249702734839
 0.9310344827586207 0.4482758620689655 0.5338882282996433
 0.9310344827586207 0.4827586206896552 0.5499405469678954
 0.9310344827586207 0.5172413793103449 0.5671819262782403
 0.9310344827586207 0.5517241379310345 0.5856123662306778
 0.9310344827586207 0.5862068965517241 0.605231866825208
 0.9310344827586207 0.6206896551724138 0.6260404280618311
 0.9310344827586207 0.6551724137931034 0.6480380499405469
 0.9310344827586207 0.6896551724137931 0.6712247324613556
 0.9310344827586207 0.7241379310344828 0.6956004756242569
 0.9310344827586207 0.7586206896551724 0.7211652794292509
 0.9310344827586207 0.7931034482758621 0.7479191438763377
 0.9310344827586207 0.8275862068965517 0.7758620689655172
 0.9310344827586207 0.8620689655172413 0.8049940546967895
 0.9310344827586207 0.896551724137931 0.8353151010701546
 0.9310344827586207 0.9310344827586207 0.8668252080856124
 0.9310344827586207 0.9655172413793104 0.899524375743163
 0.9310344827586207 1 0.9334126040428061
 0.9655172413793104 0 0.4661117717003568
 0.9655172413793104 0.03448275862068965 0.4667063020214032
 0.9655172413793104 0.06896551724137931 0.4684898929845423
 0.9655172413793104 0.103448275862069 0.4714625445897742
 0.9655172413793104 0.1379310344827586 0.4756242568370987
 0.9655172413793104 0.1724137931034483 0.4809750297265161
 0.9655172413793104 0.2068965517241379 0.4875148632580262
 0.9655172413793104 0.2413793103448276 0.4952437574316291
 0.9655172413793104 0.2758620689655172 0.5041617122473246
 0.9655172413793104 0.3103448275862069 0.514268727705113
 0.9655172413793104 0.3448275862068966 0.5255648038049942
 0.9655172413793104 0.3793103448275862 0.538049940546968
 0.9655172413793104 0.4137931034482759 0.5517241379310346
 0.9655172413793104 0.4482758620689655 0.5665873959571939
 0.9655172413793104 0.4827586206896552 0.5826397146254459
 0.9655172413793104 0.5172413793103449 0.5998810939357908
 0.9655172413793104 0.5517241379310345 0.6183115338882283
 0.9655172413793104 0.5862068965517241 0.6379310344827587
 0.9655172413793104 0.6206896551724138 0.6587395957193818
 0.9655172413793104 0.6551724137931034 0.6807372175980976
 0.9655172413793104 0.6896551724137931 0.7039239001189062
 0.9655172413793104 0.7241379310344828 0.7282996432818074
 0.9655172413793104 0.7586206896551724 0.7538644470868014
 0.9655172413793104 0.7931034482758621 0.7806183115338883
 0.9655172413793104 0.8275862068965517 0.8085612366230679
 0.9655172413793104 0.8620689655172413 0.8376932223543401
 0.9655172413793104 0.896551724137931 0.8680142687277053
 0.9655172413793104 0.9310344827586207 0.899524375743163
 0.9655172413793104 0.9655172413793104 0.9322235434007136
 0.9655172413793104 1 0.9661117717003568
 1 0 0.5
 1 0.03448275862068965 0.5005945303210464
 1 0.06896551724137931 0.5023781212841855
 1 0.103448275862069 0.5053507728894173
 1 0.1379310344827586 0.509512485136742
 1 0.1724137931034483 0.5148632580261593
 1 0.2068965517241379 0.5214030915576694
 1 0.2413793103448276 0.5291319857312723
 1 0.2758620689655172 0.5380499405469679
 1 0.3103448275862069 0.5481569560047562
 1 0.3448275862068966 0.5594530321046374
 1 0.3793103448275862 0.5719381688466112
 1 0.4137931034482759 0.5856123662306778
 1 0.4482758620689655 0.6004756242568371
 1 0.4827586206896552 0.6165279429250892
 1 0.5172413793103449 0.633769322235434
 1 0.5517241379310345 0.6521997621878716
 1 0.5862068965517241 0.6718192627824019
 1 0.6206896551724138 0.692627824019025
 1 0.6551724137931034 0.7146254458977408
 1 0.6896551724137931 0.7378121284185494
 1 0.7241379310344828 0.7621878715814507
 1 0.7586206896551724 0.7877526753864447
 1 0.7931034482758621 0.8145065398335316
 1 0.8275862068965517 0.842449464922711
 1 0.8620689655172413 0.8715814506539833
 1 0.896551724137931 0.9019024970273484
 1 0.9310344827586207 0.9334126040428061
 1 0.9655172413793104 0.9661117717003568
 1 1 1


